% datafil for sinusfunksjoner
%      tid        y1       y2
         0         0    1.0607
    0.0250    0.3129    1.2135
    0.0500    0.6180    1.3365
    0.0750    0.9080    1.4266
    0.1000    1.1756    1.4815
    0.1250    1.4142    1.5000
    0.1500    1.6180    1.4815
    0.1750    1.7820    1.4266
    0.2000    1.9021    1.3365
    0.2250    1.9754    1.2135
    0.2500    2.0000    1.0607
    0.2750    1.9754    0.8817
    0.3000    1.9021    0.6810
    0.3250    1.7820    0.4635
    0.3500    1.6180    0.2347
    0.3750    1.4142    0.0000
    0.4000    1.1756   -0.2347
    0.4250    0.9080   -0.4635
    0.4500    0.6180   -0.6810
    0.4750    0.3129   -0.8817
    0.5000    0.0000   -1.0607
    0.5250   -0.3129   -1.2135
    0.5500   -0.6180   -1.3365
    0.5750   -0.9080   -1.4266
    0.6000   -1.1756   -1.4815
    0.6250   -1.4142   -1.5000
    0.6500   -1.6180   -1.4815
    0.6750   -1.7820   -1.4266
    0.7000   -1.9021   -1.3365
    0.7250   -1.9754   -1.2135
    0.7500   -2.0000   -1.0607
    0.7750   -1.9754   -0.8817
    0.8000   -1.9021   -0.6810
    0.8250   -1.7820   -0.4635
    0.8500   -1.6180   -0.2347
    0.8750   -1.4142   -0.0000
    0.9000   -1.1756    0.2347
    0.9250   -0.9080    0.4635
    0.9500   -0.6180    0.6810
    0.9750   -0.3129    0.8817
    1.0000   -0.0000    1.0607
    1.0250    0.3129    1.2135
    1.0500    0.6180    1.3365
    1.0750    0.9080    1.4266
    1.1000    1.1756    1.4815
    1.1250    1.4142    1.5000
    1.1500    1.6180    1.4815
    1.1750    1.7820    1.4266
    1.2000    1.9021    1.3365
    1.2250    1.9754    1.2135
    1.2500    2.0000    1.0607
    1.2750    1.9754    0.8817
    1.3000    1.9021    0.6810
    1.3250    1.7820    0.4635
    1.3500    1.6180    0.2347
    1.3750    1.4142    0.0000
    1.4000    1.1756   -0.2347
    1.4250    0.9080   -0.4635
    1.4500    0.6180   -0.6810
    1.4750    0.3129   -0.8817
    1.5000    0.0000   -1.0607
    1.5250   -0.3129   -1.2135
    1.5500   -0.6180   -1.3365
    1.5750   -0.9080   -1.4266
    1.6000   -1.1756   -1.4815
    1.6250   -1.4142   -1.5000
    1.6500   -1.6180   -1.4815
    1.6750   -1.7820   -1.4266
    1.7000   -1.9021   -1.3365
    1.7250   -1.9754   -1.2135
    1.7500   -2.0000   -1.0607
    1.7750   -1.9754   -0.8817
    1.8000   -1.9021   -0.6810
    1.8250   -1.7820   -0.4635
    1.8500   -1.6180   -0.2347
    1.8750   -1.4142   -0.0000
    1.9000   -1.1756    0.2347
    1.9250   -0.9080    0.4635
    1.9500   -0.6180    0.6810
    1.9750   -0.3129    0.8817
    2.0000   -0.0000    1.0607
